1 0 1 1.1 1 1 3.1 212.672 212.672
1 0 0 1.1 1 1 3.1 256.765 212.672
1 0 1 1.1 1 0.9 3 72710.4 212.672
2.1 0 1 1.21 1 0.9 3.11 46.8573 46.8573
2.1 0 0.1 1.21 1 0.9 3.11 72.4923 46.8573
2.1 0 0.1 1.21 1 0.99 3.2 18.0142 18.0142
0.89 0 0.1 1.21 1 0.99 3.2 87.8969 18.0142
2.1 0 0.1 1.089 1 0.99 3.079 50.9699 18.0142
2.1 0 -0.89 1.089 1 0.99 3.079 77.2613 18.0142
2.1 0 0.1 1.089 1 0.891 2.98 3.37666e+06 18.0142
1.011 0 0.1 1.089 1 0.891 2.98 24.1013 18.0142
2.1 0 0.1 0.9801 1 0.891 2.8711 33.4356 18.0142
2.1 0 -0.791 0.9801 1 0.891 2.8711 47.7691 18.0142
2.1 0 0.1 0.9801 1 0.8019 2.782 3.16689e+06 18.0142
1.1199 0 0.1 0.9801 1 0.8019 2.782 101.709 18.0142
2.1 0 0.1 0.88209 1 0.8019 2.68399 41.085 18.0142
2.1 0 -0.7019 0.88209 1 0.8019 2.68399 29.4459 18.0142
2.1 0 0.1 0.88209 1 0.72171 2.6038 3.24771e+06 18.0142
2.98209 0 0.1 0.970299 1 0.72171 2.69201 14.5567 14.5567
2.98209 0 -0.62171 0.970299 1 0.72171 2.69201 34.7662 14.5567
2.98209 0 0.1 0.970299 1 0.649539 2.61984 3.19092e+06 14.5567
2.01179 0 0.1 0.970299 1 0.649539 2.61984 220.532 14.5567
2.98209 0 0.1 0.873269 1 0.649539 2.52281 2245.81 14.5567
2.98209 0 -0.549539 0.873269 1 0.649539 2.52281 62.7357 14.5567
2.98209 0 0.1 0.873269 1 0.584585 2.45785 2.83601e+06 14.5567
2.10882 0 0.1 0.873269 1 0.584585 2.45785 289.27 14.5567
2.98209 0 0.1 0.785942 1 0.584585 2.37053 21.8312 14.5567
2.98209 0 -0.484585 0.785942 1 0.584585 2.37053 24.9946 14.5567
2.98209 0 0.1 0.785942 1 0.526127 2.31207 1.68805e+06 14.5567
2.19615 0 0.1 0.785942 1 0.526127 2.31207 386.46 14.5567
2.98209 0 0.1 0.707348 1 0.526127 2.23347 21.2522 14.5567
2.98209 0 -0.426127 0.707348 1 0.526127 2.23348 21.1734 14.5567
2.98209 0 0.1 0.707348 1 0.473514 2.18086 1.84878e+06 14.5567
2.27474 0 0.1 0.707348 1 0.473514 2.18086 149.062 14.5567
2.98209 0 0.1 0.636613 1 0.473514 2.11013 21.3881 14.5567
2.98209 0 -0.373514 0.636613 1 0.473514 2.11013 25.5327 14.5567
2.98209 0 0.1 0.636613 1 0.426163 2.06278 3.18641e+06 14.5567
2.34548 0 0.1 0.636613 1 0.426163 2.06278 71.731 14.5567
2.34548 0 0.1 0.700274 1 0.426163 2.12644 13.5732 13.5732
2.34548 0 -0.326163 0.700274 1 0.426163 2.12644 49.6763 13.5732
2.34548 0 0.1 0.700274 1 0.383547 2.08382 4.5556e+06 13.5732
1.64521 0 0.1 0.700274 1 0.383547 2.08382 23.2122 13.5732
2.34548 0 0.1 0.630247 1 0.383547 2.01379 26.1058 13.5732
2.34548 0 -0.283547 0.630247 1 0.383547 2.01379 50.7417 13.5732
2.34548 0 0.1 0.630247 1 0.345192 1.97544 1.88983e+06 13.5732
1.71523 0 0.1 0.630247 1 0.345192 1.97544 22.4748 13.5732
2.34548 0 0.1 0.567222 1 0.345192 1.91241 30.3567 13.5732
2.34548 0 -0.245192 0.567222 1 0.345192 1.91241 33.8964 13.5732
2.34548 0 0.1 0.567222 1 0.310673 1.87789 2.03868e+06 13.5732
1.77826 0 0.1 0.567222 1 0.310673 1.8779 14.6201 13.5732
2.34548 0 0.1 0.5105 1 0.310673 1.82117 17.1801 13.5732
2.34548 0 -0.210673 0.5105 1 0.310673 1.82117 45.356 13.5732
2.34548 0 0.1 0.5105 1 0.279606 1.79011 3.28975e+06 13.5732
1.83498 0 0.1 0.5105 1 0.279606 1.79011 145.72 13.5732
2.34548 0 0.1 0.45945 1 0.279606 1.73906 19.0725 13.5732
2.34548 0 -0.179606 0.45945 1 0.279606 1.73906 23.5633 13.5732
2.34548 0 0.1 0.45945 1 0.251645 1.7111 648471 13.5732
1.88603 0 0.1 0.45945 1 0.251645 1.71109 18.8375 13.5732
2.34548 0 0.1 0.413505 1 0.251645 1.66515 20.066 13.5732
2.34548 0 -0.151645 0.413505 1 0.251645 1.66515 25.5209 13.5732
2.34548 0 0.1 0.413505 1 0.226481 1.63999 80570.4 13.5732
1.93197 0 0.1 0.413505 1 0.226481 1.63999 28.9521 13.5732
2.34547 0 0.1 0.372154 1 0.226481 1.59864 20.3379 13.5732
2.34547 0 -0.126481 0.372154 1 0.226481 1.59864 35.5824 13.5732
2.34547 0 0.1 0.372154 1 0.203833 1.57599 83463 13.5732
1.97332 0 0.1 0.372154 1 0.203833 1.57599 23.8147 13.5732
2.34547 0 0.1 0.334939 1 0.203833 1.53877 21.3642 13.5732
2.34547 0 -0.103833 0.334939 1 0.203833 1.53877 31.9334 13.5732
2.34547 0 0.1 0.334939 1 0.18345 1.51839 78824.6 13.5732
2.01053 0 0.1 0.334939 1 0.18345 1.51839 16.6505 13.5732
2.34547 0 0.1 0.301445 1 0.18345 1.4849 29.1804 13.5732
2.34547 0 -0.08345 0.301445 1 0.18345 1.48489 19.8716 13.5732
2.34547 0 0.1 0.301445 1 0.165105 1.46655 352583 13.5732
2.04403 0 0.1 0.301445 1 0.165105 1.46655 19.8354 13.5732
2.34547 0 0.1 0.2713 1 0.165105 1.43641 22.891 13.5732
2.34547 0 -0.065105 0.2713 1 0.165105 1.43641 23.8134 13.5732
2.34547 0 0.1 0.2713 1 0.148595 1.41989 427343 13.5732
2.07417 0 0.1 0.2713 1 0.148595 1.4199 19.4029 13.5732
2.34547 0 0.1 0.24417 1 0.148595 1.39277 27.9081 13.5732
2.34547 0 -0.048595 0.24417 1 0.148595 1.39277 28.8119 13.5732
2.34547 0 0.1 0.24417 1 0.133736 1.37791 280309 13.5732
2.1013 0 0.1 0.24417 1 0.133736 1.37791 20.4015 13.5732
2.34547 0 0.1 0.219753 1 0.133736 1.35349 18.6052 13.5732
2.34547 0 -0.033736 0.219753 1 0.133736 1.35349 27.8238 13.5732
2.34547 0 0.1 0.219753 1 0.120362 1.34012 55010.2 13.5732
2.12572 0 0.1 0.219753 1 0.120362 1.34012 51.4088 13.5732
2.34547 0 0.1 0.197778 1 0.120362 1.31814 44.3312 13.5732
2.34547 0 -0.020362 0.197778 1 0.120362 1.31814 23.3219 13.5732
2.34547 0 0.1 0.197778 1 0.108326 1.3061 84982 13.5732
2.14769 0 0.1 0.197778 1 0.108326 1.3061 17.9828 13.5732
2.34547 0 0.1 0.178 1 0.108326 1.28633 23.3726 13.5732
2.34547 0 -0.008326 0.178 1 0.108326 1.28633 36.043 13.5732
2.34547 0 0.1 0.178 1 0.0974934 1.27549 93336.2 13.5732
2.16747 0 0.1 0.178 1 0.0974934 1.27549 27.0838 13.5732
2.34547 0 0.1 0.1602 1 0.0974934 1.25769 19.2634 13.5732
2.34547 0 0.0025066 0.1602 1 0.0974934 1.25769 23.7504 13.5732
2.34547 0 0.1 0.1602 1 0.0877441 1.24794 58337.6 13.5732
2.18527 0 0.1 0.1602 1 0.0877441 1.24794 96.6494 13.5732
2.34547 0 0.1 0.14418 1 0.0877441 1.23192 50.5737 13.5732
2.34547 0 0.0122559 0.14418 1 0.0877441 1.23192 29.7869 13.5732
2.34547 0 0.1 0.14418 1 0.0789697 1.22315 160.722 13.5732
2.20129 0 0.1 0.14418 1 0.0789697 1.22315 23.0025 13.5732
2.34547 0 0.1 0.129762 1 0.0789697 1.20873 23.2124 13.5732
2.34547 0 0.0210303 0.129762 1 0.0789697 1.20873 23.7906 13.5732
2.34547 0 0.1 0.129762 1 0.0710727 1.20083 141.147 13.5732
2.21571 0 0.1 0.129762 1 0.0710727 1.20083 17.1605 13.5732
2.34547 0 0.1 0.116786 1 0.0710727 1.18786 24.0944 13.5732
2.34547 0 0.0289273 0.116786 1 0.0710727 1.18786 42.5546 13.5732
2.34547 0 0.1 0.116786 1 0.0639654 1.18075 17.8398 13.5732
2.22868 0 0.1 0.116786 1 0.0639654 1.18075 28.0278 13.5732
2.34547 0 0.1 0.105107 1 0.0639654 1.16907 33.8178 13.5732
2.34547 0 0.0360346 0.105107 1 0.0639654 1.16907 19.6351 13.5732
2.34547 0 0.1 0.105107 1 0.0575689 1.16268 25.7673 13.5732
2.24036 0 0.1 0.105107 1 0.0575689 1.16268 91.8147 13.5732
2.34547 0 0.1 0.0945963 1 0.0575689 1.15217 20.689 13.5732
2.34547 0 0.0424311 0.0945963 1 0.0575689 1.15217 26.3387 13.5732
2.34547 0 0.1 0.0945963 1 0.051812 1.14641 182.11 13.5732
2.25087 0 0.1 0.0945963 1 0.051812 1.14641 21.0872 13.5732
2.34547 0 0.1 0.0851367 1 0.051812 1.13695 20.0143 13.5732
2.34547 0 0.048188 0.0851367 1 0.051812 1.13695 26.4114 13.5732
2.34547 0 0.1 0.0851367 1 0.0466308 1.13177 307.815 13.5732
2.26033 0 0.1 0.0851367 1 0.0466308 1.13177 26.363 13.5732
2.34547 0 0.1 0.076623 1 0.0466308 1.12325 26.3922 13.5732
2.34547 0 0.0533692 0.076623 1 0.0466308 1.12325 58.4979 13.5732
2.34547 0 0.1 0.076623 1 0.0419677 1.11859 23.3472 13.5732
2.26885 0 0.1 0.076623 1 0.0419677 1.11859 15.5902 13.5732
2.34547 0 0.1 0.0689607 1 0.0419677 1.11093 18.7838 13.5732
2.34547 0 0.0580323 0.0689607 1 0.0419677 1.11093 39.7259 13.5732
2.34547 0 0.1 0.0689607 1 0.0377709 1.10673 20.2248 13.5732
2.27651 0 0.1 0.0689607 1 0.0377709 1.10673 23.4254 13.5732
2.34547 0 0.1 0.0620646 1 0.0377709 1.09984 17.9762 13.5732
2.34547 0 0.0622291 0.0620646 1 0.0377709 1.09984 25.8169 13.5732
2.34547 0 0.1 0.0620646 1 0.0339938 1.09606 28.8759 13.5732
2.28341 0 0.1 0.0620646 1 0.0339938 1.09606 54.2984 13.5732
2.34547 0 0.1 0.0558581 1 0.0339938 1.08985 39.6581 13.5732
2.34547 0 0.0660062 0.0558581 1 0.0339938 1.08985 32.9564 13.5732
2.34547 0 0.1 0.0558581 1 0.0305944 1.08645 18.6149 13.5732
2.28961 0 0.1 0.0558581 1 0.0305944 1.08645 46.9045 13.5732
2.34547 0 0.1 0.0502723 1 0.0305944 1.08087 31.3538 13.5732
2.34547 0 0.0694056 0.0502723 1 0.0305944 1.08087 32.0753 13.5732
2.34547 0 0.1 0.0502723 1 0.027535 1.07781 134.439 13.5732
2.2952 0 0.1 0.0502723 1 0.027535 1.07781 30.4896 13.5732
2.34547 0 0.1 0.0452451 1 0.027535 1.07278 28.6962 13.5732
2.34547 0 0.072465 0.0452451 1 0.027535 1.07278 23.8922 13.5732
2.34547 0 0.1 0.0452451 1 0.0247815 1.07003 18.2316 13.5732
2.30022 0 0.1 0.0452451 1 0.0247815 1.07003 24.2712 13.5732
2.34547 0 0.1 0.0407206 1 0.0247815 1.0655 23.8719 13.5732
2.34547 0 0.0752185 0.0407206 1 0.0247815 1.0655 28.4335 13.5732
2.34547 0 0.1 0.0407206 1 0.0223034 1.06302 20.6272 13.5732
2.30475 0 0.1 0.0407206 1 0.0223034 1.06302 24.0522 13.5732
2.34547 0 0.1 0.0366485 1 0.0223034 1.05895 18.6884 13.5732
2.34547 0 0.0776966 0.0366485 1 0.0223034 1.05895 29.4264 13.5732
2.34547 0 0.1 0.0366485 1 0.0200731 1.05672 20.4636 13.5732
2.30882 0 0.1 0.0366485 1 0.0200731 1.05672 36.9477 13.5732
2.34547 0 0.1 0.0329837 1 0.0200731 1.05306 65.0955 13.5732
2.34547 0 0.0799269 0.0329837 1 0.0200731 1.05306 17.1243 13.5732
2.34547 0 0.1 0.0329837 1 0.0180658 1.05105 18.6534 13.5732
2.31249 0 0.1 0.0329837 1 0.0180658 1.05105 21.2206 13.5732
2.34547 0 0.1 0.0296853 1 0.0180658 1.04775 21.988 13.5732
2.34547 0 0.0819342 0.0296853 1 0.0180658 1.04775 30.5147 13.5732
2.34547 0 0.1 0.0296853 1 0.0162592 1.04594 18.6371 13.5732
2.31578 0 0.1 0.0296853 1 0.0162592 1.04594 87.9836 13.5732
2.34547 0 0.1 0.0267168 1 0.0162592 1.04298 28.2777 13.5732
2.34547 0 0.0837408 0.0267168 1 0.0162592 1.04298 17.1634 13.5732
2.34547 0 0.1 0.0267168 1 0.0146333 1.04135 18.5685 13.5732
2.31875 0 0.1 0.0267168 1 0.0146333 1.04135 37.868 13.5732
2.34547 0 0.1 0.0240451 1 0.0146333 1.03868 22.2716 13.5732
2.34547 0 0.0853667 0.0240451 0 0.0146333 0.0386784 24.0578 13.5732
2.34547 0 0.1 0.0240451 0 0.01317 0.0372151 16.5069 13.5732
2.32142 0 0.1 0.0240451 0 0.01317 0.0372151 40.4428 13.5732
2.34547 0 0.1 0.0216406 0 0.01317 0.0348106 25.4664 13.5732
2.34547 0 0.08683 0.0216406 0 0.01317 0.0348106 44.9956 13.5732
2.34547 0 0.1 0.0216406 0 0.011853 0.0334936 21.4933 13.5732
2.32383 0 0.1 0.0216406 0 0.011853 0.0334936 18.4283 13.5732
2.34547 0 0.1 0.0194765 0 0.011853 0.0313295 16.0473 13.5732
2.34547 0 0.088147 0.0194765 0 0.011853 0.0313295 27.4167 13.5732
2.34547 0 0.1 0.0194765 0 0.0106677 0.0301442 25.8854 13.5732
2.32599 0 0.1 0.0194765 0 0.0106677 0.0301442 31.471 13.5732
2.34547 0 0.1 0.0175289 0 0.0106677 0.0281966 27.7632 13.5732
2.34547 0 0.0893323 0.0175289 0 0.0106677 0.0281966 39.124 13.5732
2.34547 0 0.1 0.0175289 0 0.00960093 0.0271298 19.063 13.5732
2.32794 0 0.1 0.0175289 0 0.00960093 0.0271298 52.3894 13.5732
2.34547 0 0.1 0.015776 0 0.00960093 0.0253769 25.7316 13.5732
2.34547 0 0.0903991 0.015776 0.01 0.00960093 0.0353769 37.3219 13.5732
2.34547 0 0.1 0.015776 0.01 0.00864084 0.0344168 216.213 13.5732
2.32969 0 0.1 0.015776 0.01 0.00864084 0.0344168 26.4091 13.5732
2.34547 0 0.1 0.0141984 0.001 0.00864084 0.0238392 22.9597 13.5732
2.34547 -0.001 0.1 0.0141984 0.001 0.00864084 0.0238392 15.4748 13.5732
2.34547 0 0.1 0.0141984 0.0009 0.00864084 0.0237392 60.339 13.5732
2.34547 0 0.0913592 0.0141984 0.0009 0.00864084 0.0237392 25.0689 13.5732
2.34547 0.01 0.1 0.0141984 0.001 0.00777676 0.0229752 20.4505 13.5732
2.33127 0 0.1 0.0141984 0.01 0.00777676 0.0319752 20.0078 13.5732
2.34547 0 0.1 0.0127786 0.01 0.00777676 0.0305553 48.1252 13.5732
2.34547 -0.01 0.1 0.0127786 0.01 0.00777676 0.0305554 24.4319 13.5732
2.34547 0 0.1 0.0127786 0.009 0.00777676 0.0295554 57086.6 13.5732
2.34547 0 0.0922232 0.0127786 0.009 0.00777676 0.0295554 18.563 13.5732
2.34547 0 0.1 0.0127786 0.009 0.00699908 0.0287777 20.031 13.5732
2.33269 0 0.1 0.0127786 0.009 0.00699908 0.0287777 23.0031 13.5732
2.34547 0 0.1 0.0115007 0.009 0.00699908 0.0274998 50.0102 13.5732
2.34547 -0.009 0.1 0.0115007 0.009 0.00699908 0.0274998 43.2856 13.5732
