1 0 0 1.1 1 1 3.1 3.86943 3.86943
1 -1 0 1.1 1 1 3.1 2470.59 3.86943
1 0 0 1.1 0.9 1 3 31549.4 3.86943
1 0 -1 1.1 0.9 1 3 4.4489 3.86943
1 0 0 1.1 0.9 0.9 2.9 5.47982 3.86943
2.1 0 0 1.21 0.9 0.9 3.01 1.26715 1.26715
2.1 -0.9 0 1.21 0.9 0.9 3.01 1721.02 1.26715
2.1 0 0 1.21 0.81 0.9 2.92 33036.6 1.26715
2.1 0 0.9 1.21 0.81 0.99 3.01 1.18377 1.18377
3.31 0 0.9 1.331 0.81 0.99 3.131 0.217775 0.217775
3.31 -0.81 0.9 1.331 0.81 0.99 3.131 1334.02 0.217775
3.31 0 0.9 1.331 0.729 0.99 3.05 32045.2 0.217775
3.31 0 -0.09 1.331 0.729 0.99 3.05 0.221347 0.217775
3.31 0 0.9 1.331 0.729 0.891 2.951 0.233756 0.217775
4.641 0 0.9 1.4641 0.729 0.891 3.0841 0.0505014 0.0505014
4.641 -0.729 0.9 1.4641 0.729 0.891 3.0841 1132.01 0.0505014
4.641 0 0.9 1.4641 0.6561 0.891 3.0112 32364.4 0.0505014
4.641 0 1.791 1.4641 0.6561 0.9801 3.1003 0.0447252 0.0447252
6.1051 0 1.791 1.61051 0.6561 0.9801 3.24671 0.0339477 0.0339477
6.1051 -0.6561 1.791 1.61051 0.6561 0.9801 3.24671 966.182 0.0339477
6.1051 0 1.791 1.61051 0.59049 0.9801 3.1811 34565.4 0.0339477
6.1051 0 0.8109 1.61051 0.59049 0.9801 3.1811 0.0420364 0.0339477
6.1051 0 1.791 1.61051 0.59049 0.88209 3.08309 0.0439722 0.0339477
7.71561 0 1.791 1.77156 0.59049 0.88209 3.24414 0.0167847 0.0167847
7.71561 -0.59049 1.791 1.77156 0.59049 0.88209 3.24414 774.431 0.0167847
7.71561 0 1.791 1.77156 0.531441 0.88209 3.18509 35022.6 0.0167847
7.71561 0 0.90891 1.77156 0.531441 0.88209 3.18509 0.0185518 0.0167847
7.71561 0 1.791 1.77156 0.531441 0.793881 3.09688 0.0630187 0.0167847
5.94405 0 1.791 1.77156 0.531441 0.793881 3.09688 0.0260696 0.0167847
7.71561 0 1.791 1.5944 0.531441 0.793881 2.91973 0.0460133 0.0167847
7.71561 -0.531441 1.791 1.5944 0.531441 0.793881 2.91972 841.912 0.0167847
7.71561 0 1.791 1.5944 0.478297 0.793881 2.86658 31508.8 0.0167847
7.71561 0 2.58488 1.5944 0.478297 0.873269 2.94597 0.0134835 0.0134835
9.31001 0 2.58488 1.75384 0.478297 0.873269 3.10541 0.00811488 0.00811488
9.31001 -0.478297 2.58488 1.75384 0.478297 0.873269 3.10541 1108.79 0.00811488
9.31001 0 2.58488 1.75384 0.430467 0.873269 3.05758 33235.1 0.00811488
9.31001 0 3.45815 1.75384 0.430467 0.960596 3.1449 0.00754971 0.00754971
11.0639 0 3.45815 1.92922 0.430467 0.960596 3.32029 0.00345821 0.00345821
11.0639 -0.430467 3.45815 1.92922 0.430467 0.960596 3.32028 1162.11 0.00345821
11.0639 0 3.45815 1.92922 0.38742 0.960596 3.27724 31504.6 0.00345821
11.0639 0 4.41875 1.92922 0.38742 1.05666 3.3733 0.00292425 0.00292425
9.13468 0 4.41875 1.92922 0.38742 1.05666 3.3733 0.0425986 0.00292425
11.0639 0 4.41875 1.7363 0.38742 1.05666 3.18038 0.00595847 0.00292425
11.0639 -0.38742 4.41875 1.7363 0.38742 1.05666 3.18038 1052.38 0.00292425
11.0639 0 4.41875 1.7363 0.348678 1.05666 3.14164 32356.1 0.00292425
11.0639 0 3.36209 1.7363 0.348678 1.05666 3.14164 0.00651468 0.00292425
11.0639 0 4.41875 1.7363 0.348678 0.950994 3.03597 0.0347227 0.00292425
9.3276 0 4.41875 1.7363 0.348678 0.950994 3.03597 0.0818064 0.00292425
11.0639 0 4.41875 1.56267 0.348678 0.950994 2.86234 0.00704511 0.00292425
11.0639 -0.348678 4.41875 1.56267 0.348678 0.950994 2.86234 1215.71 0.00292425
11.0639 0 4.41875 1.56267 0.31381 0.950994 2.82747 31839.9 0.00292425
11.0639 0 3.46776 1.56267 0.31381 0.950994 2.82747 0.0079335 0.00292425
11.0639 0 4.41875 1.56267 0.31381 0.855895 2.73237 0.0237449 0.00292425
9.50123 0 4.41875 1.56267 0.31381 0.855895 2.73237 0.00510787 0.00292425
11.0639 0 4.41875 1.4064 0.31381 0.855895 2.57611 0.00728106 0.00292425
11.0639 -0.31381 4.41875 1.4064 0.31381 0.855895 2.57611 998.213 0.00292425
11.0639 0 4.41875 1.4064 0.282429 0.855895 2.54472 32787.8 0.00292425
11.0639 0 3.56286 1.4064 0.282429 0.855895 2.54472 0.00842478 0.00292425
11.0639 0 4.41875 1.4064 0.282429 0.770305 2.45913 0.0537719 0.00292425
9.6575 0 4.41875 1.4064 0.282429 0.770305 2.45913 0.00315905 0.00292425
11.0639 0 4.41875 1.26576 0.282429 0.770305 2.31849 0.0201233 0.00292425
11.0639 -0.282429 4.41875 1.26576 0.282429 0.770305 2.31849 760.97 0.00292425
11.0639 0 4.41875 1.26576 0.254186 0.770305 2.29025 33142.3 0.00292425
11.0639 0 3.64844 1.26576 0.254186 0.770305 2.29025 0.0168508 0.00292425
11.0639 0 4.41874 1.26576 0.254186 0.693275 2.21322 0.0141789 0.00292425
12.3297 0 4.41874 1.39234 0.254186 0.693275 2.3398 0.0015173 0.0015173
12.3297 -0.254186 4.41874 1.39234 0.254186 0.693275 2.3398 972.522 0.0015173
12.3297 0 4.41874 1.39234 0.228767 0.693275 2.31438 32970.5 0.0015173
12.3297 0 3.72546 1.39234 0.228767 0.693275 2.31438 0.0189963 0.0015173
12.3297 0 4.41873 1.39234 0.228767 0.623947 2.24505 0.128033 0.0015173
10.9374 0 4.41873 1.39234 0.228767 0.623947 2.24505 0.0510349 0.0015173
12.3297 0 4.41873 1.25311 0.228767 0.623947 2.10582 0.0359695 0.0015173
12.3297 -0.228767 4.41873 1.25311 0.228767 0.623947 2.10582 848.667 0.0015173
12.3297 0 4.41873 1.25311 0.20589 0.623947 2.08295 34569.8 0.0015173
12.3297 0 3.79478 1.25311 0.20589 0.623947 2.08295 0.0340606 0.0015173
12.3297 0 4.41873 1.25311 0.20589 0.561552 2.02055 0.0216178 0.0015173
11.0766 0 4.41873 1.25311 0.20589 0.561552 2.02055 0.0317815 0.0015173
12.3297 0 4.41873 1.1278 0.20589 0.561552 1.89524 0.0193403 0.0015173
12.3297 -0.20589 4.41873 1.1278 0.20589 0.561552 1.89524 358.728 0.0015173
12.3297 0 4.41873 1.1278 0.185301 0.561552 1.87465 37986.5 0.0015173
12.3297 0 3.85718 1.1278 0.185301 0.561552 1.87465 0.0286539 0.0015173
12.3297 0 4.41873 1.1278 0.185301 0.505397 1.8185 0.0565655 0.0015173
11.2019 0 4.41873 1.1278 0.185301 0.505397 1.8185 0.0860841 0.0015173
12.3297 0 4.41873 1.01502 0.185301 0.505397 1.70572 0.0172706 0.0015173
12.3297 -0.185301 4.41873 1.01502 0.185301 0.505397 1.70572 185.957 0.0015173
12.3297 0 4.41873 1.01502 0.166771 0.505397 1.68719 6747.5 0.0015173
12.3297 0 3.91333 1.01502 0.166771 0.505397 1.68719 0.00286081 0.0015173
12.3297 0 4.41873 1.01502 0.166771 0.454857 1.63665 0.00940393 0.0015173
11.3147 0 4.41873 1.01502 0.166771 0.454857 1.63665 0.0317207 0.0015173
12.3297 0 4.41873 0.913518 0.166771 0.454857 1.53515 0.00745702 0.0015173
12.3297 -0.166771 4.41873 0.913518 0.166771 0.454857 1.53515 154.11 0.0015173
12.3297 0 4.41873 0.913518 0.150094 0.454857 1.51847 3380.49 0.0015173
12.3297 0 3.96387 0.913518 0.150094 0.454857 1.51847 0.0048095 0.0015173
12.3297 0 4.41873 0.913518 0.150094 0.409371 1.47298 0.0036187 0.0015173
11.4162 0 4.41873 0.913518 0.150094 0.409371 1.47298 0.0120542 0.0015173
12.3297 0 4.41873 0.822166 0.150094 0.409371 1.38163 0.00691328 0.0015173
12.3297 -0.150094 4.41873 0.822166 0.150094 0.409371 1.38163 71.2265 0.0015173
12.3297 0 4.41873 0.822166 0.135085 0.409371 1.36662 1646.56 0.0015173
12.3297 0 4.00936 0.822166 0.135085 0.409371 1.36662 0.0168484 0.0015173
12.3297 0 4.41873 0.822166 0.135085 0.368434 1.32568 0.0322219 0.0015173
11.5075 0 4.41873 0.822166 0.135085 0.368434 1.32569 0.00465439 0.0015173
12.3297 0 4.41873 0.739949 0.135085 0.368434 1.24347 0.0278055 0.0015173
12.3297 -0.135085 4.41873 0.739949 0.135085 0.368434 1.24347 93.9212 0.0015173
12.3297 0 4.41873 0.739949 0.121577 0.368434 1.22996 2156.87 0.0015173
12.3297 0 4.0503 0.739949 0.121577 0.368434 1.22996 0.0158195 0.0015173
12.3297 0 4.41873 0.739949 0.121577 0.331591 1.19312 0.0334203 0.0015173
11.5898 0 4.41873 0.739949 0.121577 0.331591 1.19312 0.00304411 0.0015173
12.3297 0 4.41873 0.665954 0.121577 0.331591 1.11912 0.0112025 0.0015173
12.3297 -0.121577 4.41873 0.665954 0.121577 0.331591 1.11912 44.1281 0.0015173
12.3297 0 4.41873 0.665954 0.109419 0.331591 1.10696 1350.73 0.0015173
12.3297 0 4.08714 0.665954 0.109419 0.331591 1.10696 0.065702 0.0015173
12.3297 0 4.41873 0.665954 0.109419 0.298432 1.0738 0.0323409 0.0015173
11.6637 0 4.41873 0.665954 0.109419 0.298432 1.07381 0.0136633 0.0015173
12.3297 0 4.41873 0.599359 0.109419 0.298432 1.00721 0.00690117 0.0015173
12.3297 -0.109419 4.41873 0.599359 0.109419 0.298432 1.00721 31.7339 0.0015173
12.3297 0 4.41873 0.599359 0.0984771 0.298432 0.996268 690.426 0.0015173
12.3297 0 4.1203 0.599359 0.0984771 0.298432 0.996268 0.0947839 0.0015173
12.3297 0 4.41873 0.599359 0.0984771 0.268589 0.966425 0.00183735 0.0015173
11.7303 0 4.41873 0.599359 0.0984771 0.268589 0.966425 0.407139 0.0015173
12.3297 0 4.41873 0.539423 0.0984771 0.268589 0.906489 0.006887 0.0015173
12.3297 -0.0984771 4.41873 0.539423 0.0984771 0.268589 0.906489 8.99657 0.0015173
12.3297 0 4.41873 0.539423 0.0886294 0.268589 0.896641 454.325 0.0015173
12.3297 0 4.15014 0.539423 0.0886294 0.268589 0.896641 0.0174353 0.0015173
12.3297 0 4.41873 0.539423 0.0886294 0.24173 0.869783 0.0340267 0.0015173
11.7903 0 4.41873 0.539423 0.0886294 0.24173 0.869782 0.0223829 0.0015173
12.3297 0 4.41873 0.485481 0.0886294 0.24173 0.81584 0.0384554 0.0015173
12.3297 -0.0886294 4.41873 0.485481 0.0886294 0.24173 0.81584 7.32066 0.0015173
12.3297 0 4.41873 0.485481 0.0797665 0.24173 0.806977 150.995 0.0015173
12.3297 0 4.177 0.485481 0.0797665 0.24173 0.806978 0.069489 0.0015173
12.3297 0 4.41873 0.485481 0.0797665 0.217557 0.782805 0.0291437 0.0015173
11.8442 0 4.41873 0.485481 0.0797665 0.217557 0.782805 0.00460044 0.0015173
12.3297 0 4.41873 0.436933 0.0797665 0.217557 0.734256 0.019669 0.0015173
12.3297 -0.0797665 4.41873 0.436933 0.0797665 0.217557 0.734256 5.29444 0.0015173
12.3297 0 4.41873 0.436933 0.0717899 0.217557 0.72628 94.9774 0.0015173
12.3297 0 4.20117 0.436933 0.0717899 0.217557 0.72628 0.0272631 0.0015173
12.3297 0 4.41873 0.436933 0.0717899 0.195801 0.704524 0.00586881 0.0015173
11.8928 0 4.41873 0.436933 0.0717899 0.195801 0.704524 0.0478306 0.0015173
12.3297 0 4.41873 0.39324 0.0717899 0.195801 0.660831 0.00381483 0.0015173
12.3297 -0.0717899 4.41873 0.39324 0.0717899 0.195801 0.660831 5.40587 0.0015173
12.3297 0 4.41873 0.39324 0.0646109 0.195801 0.653652 78.6067 0.0015173
12.3297 0 4.22293 0.39324 0.0646109 0.195801 0.653652 0.20292 0.0015173
12.3297 0 4.41873 0.39324 0.0646109 0.176221 0.634072 0.0312446 0.0015173
11.9365 0 4.41873 0.39324 0.0646109 0.176221 0.634072 0.0508042 0.0015173
12.3297 0 4.41873 0.353916 0.0646109 0.176221 0.594748 0.00223612 0.0015173
12.3297 -0.0646109 4.41873 0.353916 0.0646109 0.176221 0.594748 4.52239 0.0015173
12.3297 0 4.41873 0.353916 0.0581498 0.176221 0.588287 19.5606 0.0015173
12.3297 0 4.24251 0.353916 0.0581498 0.176221 0.588287 0.106233 0.0015173
12.3297 0 4.41873 0.353916 0.0581498 0.158599 0.570665 0.0299939 0.0015173
11.9758 0 4.41873 0.353916 0.0581498 0.158599 0.570665 0.0190764 0.0015173
12.3297 0 4.41873 0.318524 0.0581498 0.158599 0.535273 0.00415733 0.0015173
12.3297 -0.0581498 4.41873 0.318524 0.0581498 0.158599 0.535273 3.14149 0.0015173
12.3297 0 4.41873 0.318524 0.0523348 0.158599 0.529458 45.8414 0.0015173
12.3297 0 4.26013 0.318524 0.0523348 0.158599 0.529458 0.00469411 0.0015173
12.3297 0 4.41873 0.318524 0.0523348 0.142739 0.513598 0.0196393 0.0015173
12.0112 0 4.41873 0.318524 0.0523348 0.142739 0.513598 0.0180174 0.0015173
12.3297 0 4.41873 0.286672 0.0523348 0.142739 0.481745 0.041931 0.0015173
12.3297 -0.0523348 4.41873 0.286672 0.0523348 0.142739 0.481746 3.31743 0.0015173
12.3297 0 4.41873 0.286672 0.0471013 0.142739 0.476512 23.4956 0.0015173
12.3297 0 4.27599 0.286672 0.0471013 0.142739 0.476512 0.00881992 0.0015173
12.3297 0 4.41873 0.286672 0.0471013 0.128465 0.462238 0.0023429 0.0015173
12.043 0 4.41873 0.286672 0.0471013 0.128465 0.462238 0.0555898 0.0015173
12.3297 0 4.41873 0.258005 0.0471013 0.128465 0.433571 0.00350866 0.0015173
12.3297 -0.0471013 4.41873 0.258005 0.0471013 0.128465 0.433571 2.00259 0.0015173
12.3297 0 4.41873 0.258005 0.0423912 0.128465 0.428861 16.0016 0.0015173
12.3297 0 4.29027 0.258005 0.0423912 0.128465 0.428861 0.112809 0.0015173
12.3297 0 4.41873 0.258005 0.0423912 0.115618 0.416015 0.0193176 0.0015173
12.0717 0 4.41873 0.258005 0.0423912 0.115618 0.416014 0.0571252 0.0015173
12.3297 0 4.41873 0.232204 0.0423912 0.115618 0.390214 0.120295 0.0015173
12.3297 -0.0423912 4.41873 0.232204 0.0423912 0.115618 0.390213 1.82542 0.0015173
12.3297 0 4.41873 0.232204 0.0381521 0.115618 0.385974 12.9302 0.0015173
12.3297 0 4.30311 0.232204 0.0381521 0.115618 0.385974 0.0532485 0.0015173
12.3297 0 4.41873 0.232204 0.0381521 0.104056 0.374412 0.0140607 0.0015173
12.0975 0 4.41873 0.232204 0.0381521 0.104056 0.374412 0.0732544 0.0015173
12.3297 0 4.41873 0.208984 0.0381521 0.104056 0.351192 0.0851749 0.0015173
12.3297 -0.0381521 4.41873 0.208984 0.0381521 0.104056 0.351192 1.67892 0.0015173
12.3297 0 4.41873 0.208984 0.0343369 0.104056 0.347377 13.6792 0.0015173
12.3297 0 4.31467 0.208984 0.0343369 0.104056 0.347377 0.0273847 0.0015173
12.3297 0 4.41873 0.208984 0.0343369 0.0936504 0.336971 0.0511333 0.0015173
12.1207 0 4.41873 0.208984 0.0343369 0.0936504 0.336971 0.00894378 0.0015173
12.3297 0 4.41873 0.188086 0.0343369 0.0936504 0.316073 0.0049238 0.0015173
12.3297 -0.0343369 4.41873 0.188086 0.0343369 0.0936504 0.316073 1.58658 0.0015173
12.3297 0 4.41873 0.188086 0.0309032 0.0936504 0.31264 8.75891 0.0015173
12.3297 0 4.32508 0.188086 0.0309032 0.0936504 0.31264 0.00208567 0.0015173
12.3297 0 4.41873 0.188086 0.0309032 0.0842854 0.303275 0.0199572 0.0015173
12.1416 0 4.41873 0.188086 0.0309032 0.0842854 0.303275 0.00828565 0.0015173
12.3297 0 4.41873 0.169277 0.0309032 0.0842854 0.284466 0.0334793 0.0015173
12.3297 -0.0309032 4.41873 0.169277 0.0309032 0.0842854 0.284466 1.72245 0.0015173
12.3297 0 4.41873 0.169277 0.0278129 0.0842854 0.281375 6.19648 0.0015173
12.3297 0 4.33444 0.169277 0.0278129 0.0842854 0.281375 0.0214334 0.0015173
12.3297 0 4.41873 0.169277 0.0278129 0.0758569 0.272947 0.00744923 0.0015173
12.1604 0 4.41873 0.169277 0.0278129 0.0758569 0.272947 0.0107597 0.0015173
12.3297 0 4.41873 0.152349 0.0278129 0.0758569 0.256019 0.0887722 0.0015173
12.3297 -0.0278129 4.41873 0.152349 0.0278129 0.0758569 0.256019 1.27591 0.0015173
12.3297 0 4.41873 0.152349 0.0250316 0.0758569 0.253238 4.90389 0.0015173
12.3297 0 4.34287 0.152349 0.0250316 0.0758569 0.253238 0.0503476 0.0015173
12.3297 0 4.41873 0.152349 0.0250316 0.0682712 0.245652 0.060814 0.0015173
12.1774 0 4.41873 0.152349 0.0250316 0.0682712 0.245652 0.0268935 0.0015173
12.3297 0 4.41873 0.137114 0.0250316 0.0682712 0.230417 0.00982817 0.0015173
12.3297 -0.0250316 4.41873 0.137114 0.0250316 0.0682712 0.230417 0.248356 0.0015173
12.3297 0 4.41873 0.137114 0.0225284 0.0682712 0.227914 3.46648 0.0015173
12.3297 0 4.35046 0.137114 0.0225284 0.0682712 0.227914 0.0400496 0.0015173
12.3297 0 4.41873 0.137114 0.0225284 0.0614441 0.221086 0.0784961 0.0015173
12.1926 0 4.41873 0.137114 0.0225284 0.0614441 0.221087 0.0064607 0.0015173
12.3297 0 4.41873 0.123403 0.0225284 0.0614441 0.207375 0.0302948 0.0015173
12.3297 -0.0225284 4.41873 0.123403 0.0225284 0.0614441 0.207375 1.19417 0.0015173
12.3297 0 4.41873 0.123403 0.0202756 0.0614441 0.205123 2.35405 0.0015173
12.3297 0 4.35729 0.123403 0.0202756 0.0614441 0.205123 0.0431777 0.0015173
12.3297 0 4.41873 0.123403 0.0202756 0.0552997 0.198978 0.00778528 0.0015173
12.2063 0 4.41873 0.123403 0.0202756 0.0552997 0.198978 0.0230901 0.0015173
12.3297 0 4.41873 0.111063 0.0202756 0.0552997 0.186638 0.0317568 0.0015173
12.3297 -0.0202756 4.41873 0.111063 0.0202756 0.0552997 0.186638 0.56447 0.0015173
12.3297 0 4.41873 0.111063 0.018248 0.0552997 0.184611 2.76078 0.0015173
12.3297 0 4.36343 0.111063 0.018248 0.0552997 0.184611 0.0225046 0.0015173
12.3297 0 4.41873 0.111063 0.018248 0.0497697 0.179081 0.0262217 0.0015173
12.2186 0 4.41873 0.111063 0.018248 0.0497697 0.179081 0.0282283 0.0015173
12.3297 0 4.41873 0.0999567 0.018248 0.0497697 0.167974 0.0169197 0.0015173
12.3297 -0.018248 4.41873 0.0999567 0.018248 0.0497697 0.167974 0.654804 0.0015173
12.3297 0 4.41873 0.0999567 0.0164232 0.0497697 0.16615 1.64274 0.0015173
12.3297 0 4.36896 0.0999567 0.0164232 0.0497697 0.16615 0.0253392 0.0015173
12.3297 0 4.41873 0.0999567 0.0164232 0.0447927 0.161173 0.015871 0.0015173
12.2297 0 4.41873 0.0999567 0.0164232 0.0447927 0.161173 0.0221036 0.0015173
12.3297 0 4.41873 0.089961 0.0164232 0.0447927 0.151177 0.0684525 0.0015173
12.3297 -0.0164232 4.41873 0.089961 0.0164232 0.0447927 0.151177 0.701503 0.0015173
12.3297 0 4.41873 0.089961 0.0147809 0.0447927 0.149535 0.479747 0.0015173
12.3297 0 4.37394 0.089961 0.0147809 0.0447927 0.149535 0.0395547 0.0015173
12.3297 0 4.41873 0.089961 0.0147809 0.0403134 0.145055 0.0301769 0.0015173
12.2397 0 4.41873 0.089961 0.0147809 0.0403134 0.145055 0.0198091 0.0015173
12.3297 0 4.41873 0.0809649 0.0147809 0.0403134 0.136059 0.0433603 0.0015173
12.3297 -0.0147809 4.41873 0.0809649 0.0147809 0.0403134 0.136059 0.47494 0.0015173
12.3297 0 4.41873 0.0809649 0.0133028 0.0403134 0.134581 1.17535 0.0015173
12.3297 0 4.37842 0.0809649 0.0133028 0.0403134 0.134581 0.0113166 0.0015173
12.3297 0 4.41873 0.0809649 0.0133028 0.0362821 0.13055 0.0331783 0.0015173
12.2487 0 4.41873 0.0809649 0.0133028 0.0362821 0.13055 0.0334401 0.0015173
12.3297 0 4.41873 0.0728684 0.0133028 0.0362821 0.122453 0.0498089 0.0015173
12.3297 -0.0133028 4.41873 0.0728684 0.0133028 0.0362821 0.122453 0.463396 0.0015173
12.3297 0 4.41873 0.0728684 0.0119725 0.0362821 0.121123 0.684392 0.0015173
12.3297 0 4.38245 0.0728684 0.0119725 0.0362821 0.121123 0.0249396 0.0015173
12.3297 0 4.41873 0.0728684 0.0119725 0.0326539 0.117495 0.00663851 0.0015173
12.2568 0 4.41873 0.0728684 0.0119725 0.0326539 0.117495 0.0202039 0.0015173
12.3297 0 4.41873 0.0655816 0.0119725 0.0326539 0.110208 0.109238 0.0015173
12.3297 -0.0119725 4.41873 0.0655816 0.0119725 0.0326539 0.110208 0.443104 0.0015173
12.3297 0 4.41873 0.0655816 0.0107753 0.0326539 0.109011 0.584004 0.0015173
12.3297 0 4.38608 0.0655816 0.0107753 0.0326539 0.109011 0.0506616 0.0015173
12.3297 0 4.41873 0.0655816 0.0107753 0.0293885 0.105745 0.0207821 0.0015173
12.2641 0 4.41873 0.0655816 0.0107753 0.0293885 0.105745 0.0246245 0.0015173
12.3297 0 4.41873 0.0590234 0.0107753 0.0293885 0.0991872 0.0602718 0.0015173
12.3297 -0.0107753 4.41873 0.0590234 0.0107753 0.0293885 0.0991872 0.966537 0.0015173
12.3297 0 4.41873 0.0590234 0.00969777 0.0293885 0.0981097 0.622888 0.0015173
12.3297 0 4.38934 0.0590234 0.00969777 0.0293885 0.0981097 0.0124932 0.0015173
12.3297 0 4.41873 0.0590234 0.00969777 0.0264497 0.0951708 0.0285777 0.0015173
12.2707 0 4.41873 0.0590234 0.00969777 0.0264497 0.0951709 0.128336 0.0015173
12.3297 0 4.41873 0.0531211 0.00969777 0.0264497 0.0892685 0.114505 0.0015173
12.3297 -0.00969777 4.41873 0.0531211 0.00969777 0.0264497 0.0892686 0.281875 0.0015173
12.3297 0 4.41873 0.0531211 0.00872799 0.0264497 0.0882988 0.384508 0.0015173
12.3297 0 4.39228 0.0531211 0.00872799 0.0264497 0.0882988 0.0047982 0.0015173
12.3297 0 4.41873 0.0531211 0.00872799 0.0238047 0.0856538 0.0713319 0.0015173
12.2766 0 4.41873 0.0531211 0.00872799 0.0238047 0.0856538 0.00572631 0.0015173
12.3297 0 4.41873 0.047809 0.00872799 0.0238047 0.0803417 0.0359406 0.0015173
12.3297 -0.00872799 4.41873 0.047809 0.00872799 0.0238047 0.0803417 0.263271 0.0015173
12.3297 0 4.41873 0.047809 0.00785519 0.0238047 0.0794689 0.401068 0.0015173
12.3297 0 4.39493 0.047809 0.00785519 0.0238047 0.0794689 0.01826 0.0015173
12.3297 0 4.41873 0.047809 0.00785519 0.0214242 0.0770884 0.092902 0.0015173
12.2819 0 4.41873 0.047809 0.00785519 0.0214242 0.0770884 0.00616925 0.0015173
12.3297 0 4.41873 0.0430281 0.00785519 0.0214242 0.0723075 0.00424337 0.0015173
12.3297 -0.00785519 4.41873 0.0430281 0.00785519 0.0214242 0.0723075 0.187623 0.0015173
12.3297 0 4.41873 0.0430281 0.00706967 0.0214242 0.071522 0.328144 0.0015173
12.3297 0 4.39731 0.0430281 0.00706967 0.0214242 0.071522 0.00530648 0.0015173
12.3297 0 4.41873 0.0430281 0.00706967 0.0192818 0.0693795 0.00369886 0.0015173
12.2867 0 4.41873 0.0430281 0.00706967 0.0192818 0.0693796 0.0354964 0.0015173
12.3297 0 4.41873 0.0387253 0.00706967 0.0192818 0.0650768 0.028484 0.0015173
12.3297 -0.00706967 4.41873 0.0387253 0.00706967 0.0192818 0.0650768 0.173611 0.0015173
12.3297 0 4.41873 0.0387253 0.0063627 0.0192818 0.0643698 0.181008 0.0015173
12.3297 0 4.39945 0.0387253 0.0063627 0.0192818 0.0643698 0.0292835 0.0015173
12.3297 0 4.41873 0.0387253 0.0063627 0.0173536 0.0624416 0.00464924 0.0015173
12.291 0 4.41873 0.0387253 0.0063627 0.0173536 0.0624416 0.0340343 0.0015173
12.3297 0 4.41873 0.0348528 0.0063627 0.0173536 0.0585691 0.0178735 0.0015173
12.3297 -0.0063627 4.41873 0.0348528 0.0063627 0.0173536 0.0585691 0.157582 0.0015173
12.3297 0 4.41873 0.0348528 0.00572643 0.0173536 0.0579328 0.148972 0.0015173
12.3297 0 4.40138 0.0348528 0.00572643 0.0173536 0.0579328 0.00632927 0.0015173
12.3297 0 4.41873 0.0348528 0.00572643 0.0156182 0.0561975 0.0407661 0.0015173
12.2948 0 4.41873 0.0348528 0.00572643 0.0156182 0.0561974 0.0197898 0.0015173
12.3297 0 4.41873 0.0313675 0.00572643 0.0156182 0.0527121 0.0308944 0.0015173
12.3297 -0.00572643 4.41873 0.0313675 0.00572643 0.0156182 0.0527121 0.113474 0.0015173
12.3297 0 4.41873 0.0313675 0.00515379 0.0156182 0.0521395 0.0438518 0.0015173
12.3297 0 4.40311 0.0313675 0.00515379 0.0156182 0.0521395 0.00899668 0.0015173
12.3297 0 4.41873 0.0313675 0.00515379 0.0140564 0.0505777 0.0250191 0.0015173
12.2983 0 4.41873 0.0313675 0.00515379 0.0140564 0.0505777 0.00713522 0.0015173
12.3297 0 4.41873 0.0282307 0.00515379 0.0140564 0.0474409 0.0340177 0.0015173
12.3297 -0.00515379 4.41873 0.0282307 0.00515379 0.0140564 0.0474409 0.0832929 0.0015173
12.3297 0 4.41873 0.0282307 0.00463841 0.0140564 0.0469255 0.111676 0.0015173
12.3297 0 4.40467 0.0282307 0.00463841 0.0140564 0.0469255 0.0263392 0.0015173
12.3297 0 4.41873 0.0282307 0.00463841 0.0126508 0.0455199 0.0847778 0.0015173
12.3015 0 4.41873 0.0282307 0.00463841 0.0126508 0.0455199 0.100764 0.0015173
12.3297 0 4.41873 0.0254076 0.00463841 0.0126508 0.0426968 0.0271849 0.0015173
12.3297 -0.00463841 4.41873 0.0254076 0.00463841 0.0126508 0.0426968 0.0517463 0.0015173
12.3297 0 4.41873 0.0254076 0.00417457 0.0126508 0.042233 0.0954884 0.0015173
12.3297 0 4.40608 0.0254076 0.00417457 0.0126508 0.042233 0.338148 0.0015173
12.3297 0 4.41873 0.0254076 0.00417457 0.0113857 0.0409679 0.0490126 0.0015173
12.3043 0 4.41873 0.0254076 0.00417457 0.0113857 0.0409679 0.0433843 0.0015173
12.3297 0 4.41873 0.0228668 0.00417457 0.0113857 0.0384271 0.0855653 0.0015173
12.3297 -0.00417457 4.41873 0.0228668 0.00417457 0.0113857 0.0384271 0.105921 0.0015173
12.3297 0 4.41873 0.0228668 0.00375711 0.0113857 0.0380096 0.0783233 0.0015173
12.3297 0 4.40734 0.0228668 0.00375711 0.0113857 0.0380096 0.111227 0.0015173
12.3297 0 4.41873 0.0228668 0.00375711 0.0102471 0.036871 0.0284013 0.0015173
12.3068 0 4.41873 0.0228668 0.00375711 0.0102471 0.036871 0.0346273 0.0015173
12.3297 0 4.41873 0.0205801 0.00375711 0.0102471 0.0345843 0.0153919 0.0015173
12.3297 -0.00375711 4.41873 0.0205801 0.00375711 0.0102471 0.0345843 0.0946761 0.0015173
12.3297 0 4.41873 0.0205801 0.0033814 0.0102471 0.0342086 0.217212 0.0015173
12.3297 0 4.40848 0.0205801 0.0033814 0.0102471 0.0342086 0.027238 0.0015173
12.3297 0 4.41873 0.0205801 0.0033814 0.00922239 0.0331839 0.0249886 0.0015173
12.3091 0 4.41873 0.0205801 0.0033814 0.00922239 0.0331839 0.0235355 0.0015173
12.3297 0 4.41873 0.0185221 0.0033814 0.00922239 0.0311259 0.0252867 0.0015173
12.3297 -0.0033814 4.41873 0.0185221 0.0033814 0.00922239 0.0311259 0.047007 0.0015173
12.3297 0 4.41873 0.0185221 0.00304326 0.00922239 0.0307877 0.0608381 0.0015173
12.3297 0 4.40951 0.0185221 0.00304326 0.00922239 0.0307877 0.0379177 0.0015173
12.3297 0 4.41873 0.0185221 0.00304326 0.00830015 0.0298655 0.059346 0.0015173
12.3112 0 4.41873 0.0185221 0.00304326 0.00830015 0.0298655 0.0847794 0.0015173
12.3297 0 4.41873 0.0166699 0.00304326 0.00830015 0.0280133 0.0261512 0.0015173
12.3297 -0.00304326 4.41873 0.0166699 0.00304326 0.00830015 0.0280133 0.0443336 0.0015173
12.3297 0 4.41873 0.0166699 0.00273893 0.00830015 0.027709 0.040863 0.0015173
12.3297 0 4.41043 0.0166699 0.00273893 0.00830015 0.027709 0.0305493 0.0015173
12.3297 0 4.41873 0.0166699 0.00273893 0.00747013 0.026879 0.0107826 0.0015173
12.313 0 4.41873 0.0166699 0.00273893 0.00747013 0.026879 0.0851085 0.0015173
12.3297 0 4.41873 0.0150029 0.00273893 0.00747013 0.025212 0.0419309 0.0015173
12.3297 -0.00273893 4.41873 0.0150029 0.00273893 0.00747013 0.025212 0.0811789 0.0015173
12.3297 0 4.41873 0.0150029 0.00246504 0.00747013 0.0249381 0.0403087 0.0015173
12.3297 0 4.41126 0.0150029 0.00246504 0.00747013 0.0249381 0.0248298 0.0015173
12.3297 0 4.41873 0.0150029 0.00246504 0.00672312 0.0241911 0.0247749 0.0015173
12.3147 0 4.41873 0.0150029 0.00246504 0.00672312 0.0241911 0.137893 0.0015173
12.3297 0 4.41873 0.0135026 0.00246504 0.00672312 0.0226908 0.0198546 0.0015173
12.3297 -0.00246504 4.41873 0.0135026 0.00246504 0.00672312 0.0226908 0.0799723 0.0015173
