1 0 0 1.1 1 1 3.1 8711.57 8711.57
1 -2 0 1.1 1 1 3.1 8711.57 8711.57
1 0 0 1.1 1.1 1 3.2 8049.11 8049.11
1 0 1 1.1 1.1 1.1 3.3 34.046 34.046
2.1 0 1 1.21 1.1 1.1 3.41 6.39556 6.39556
2.1 -2.2 1 1.21 1.1 1.1 3.41 10.2202 6.39556
2.1 0 1 1.21 1.21 1.1 3.52 2.27399 2.27399
2.1 0 -0.1 1.21 1.21 1.1 3.52 17.0858 2.27399
2.1 0 1 1.21 1.21 0.99 3.41 12368.3 2.27399
0.89 0 1 1.21 1.21 0.99 3.41 3.07367 2.27399
2.1 0 1 1.089 1.21 0.99 3.289 52.1633 2.27399
2.1 -2.42 1 1.089 1.21 0.99 3.289 10.4664 2.27399
2.1 1.21 1 1.089 1.089 0.99 3.168 2.30813 2.27399
2.1 0 0.01 1.089 1.089 0.99 3.168 26.1861 2.27399
2.1 0 0.01 1.089 1.089 1.089 3.267 0.197905 0.197905
3.189 0 0.01 1.1979 1.089 1.089 3.3759 0.153304 0.153304
3.189 0 -1.079 1.1979 1.089 1.089 3.3759 2.53528 0.153304
3.189 0 0.01 1.1979 1.089 0.9801 3.267 64151.2 0.153304
4.3869 0 0.01 1.31769 1.089 0.9801 3.38679 0.0953504 0.0953504
4.3869 0 -0.9701 1.31769 1.089 0.9801 3.38679 1.70262 0.0953504
4.3869 0 0.01 1.31769 1.089 0.88209 3.28878 62884.5 0.0953504
3.06921 0 0.01 1.31769 1.089 0.88209 3.28878 0.135268 0.0953504
4.3869 0 0.01 1.18592 1.089 0.88209 3.15701 0.180487 0.0953504
4.3869 0 -0.87209 1.18592 1.089 0.88209 3.15701 1.14278 0.0953504
4.3869 0 0.01 1.18592 1.089 0.793881 3.0688 71434 0.0953504
3.20098 0 0.01 1.18592 1.089 0.793881 3.0688 0.118498 0.0953504
4.3869 0 0.01 1.06733 1.089 0.793881 2.95021 0.146392 0.0953504
4.3869 0 -0.783881 1.06733 1.089 0.793881 2.95021 1.31108 0.0953504
4.3869 0 0.01 1.06733 1.089 0.714493 2.87082 85128.9 0.0953504
5.45423 0 0.01 1.17406 1.089 0.714493 2.97756 0.0868461 0.0868461
5.45423 0 -0.704493 1.17406 1.089 0.714493 2.97755 1.03587 0.0868461
5.45423 0 0.01 1.17406 1.089 0.643044 2.9061 121792 0.0868461
4.28017 0 0.01 1.17406 1.089 0.643044 2.9061 16624 0.0868461
5.45423 0 0.01 1.05665 1.089 0.643044 2.7887 0.0994702 0.0868461
5.45423 0 -0.633044 1.05665 1.089 0.643044 2.78869 0.145094 0.0868461
5.45423 0 0.01 1.05665 1.089 0.57874 2.72439 135974 0.0868461
4.39758 0 0.01 1.05665 1.089 0.57874 2.72439 5542.88 0.0868461
4.39758 0 0.01 1.16232 1.089 0.57874 2.83005 0.0519383 0.0519383
4.39758 0 -0.56874 1.16232 1.089 0.57874 2.83006 0.535358 0.0519383
4.39758 0 0.01 1.16232 1.089 0.520866 2.77219 110338 0.0519383
3.23526 0 0.01 1.16232 1.089 0.520866 2.77219 0.107621 0.0519383
4.39758 0 0.01 1.04609 1.089 0.520866 2.65595 0.142123 0.0519383
4.39758 0 -0.510866 1.04609 1.089 0.520866 2.65596 0.189211 0.0519383
4.39758 0 0.01 1.04609 1.089 0.468779 2.60387 116040 0.0519383
3.35149 0 0.01 1.04609 1.089 0.468779 2.60387 0.0868907 0.0519383
4.39758 0 0.01 0.941481 1.089 0.468779 2.49926 0.163653 0.0519383
4.39758 0 -0.458779 0.941481 1.089 0.468779 2.49926 0.144715 0.0519383
4.39758 0 0.01 0.941481 1.089 0.421901 2.45238 232219 0.0519383
3.4561 0 0.01 0.941481 1.089 0.421901 2.45238 39.8953 0.0519383
4.39758 0 0.01 0.847333 1.089 0.421901 2.35823 0.240733 0.0519383
4.39758 0 -0.411901 0.847333 1.089 0.421901 2.35823 0.178398 0.0519383
4.39758 0 0.01 0.847333 1.089 0.379711 2.31604 120296 0.0519383
3.55025 0 0.01 0.847333 1.089 0.379711 2.31604 0.0932221 0.0519383
4.39758 0 0.01 0.7626 1.089 0.379711 2.23131 0.0999494 0.0519383
4.39758 0 -0.369711 0.7626 1.089 0.379711 2.23131 0.132278 0.0519383
4.39758 0 0.01 0.7626 1.089 0.34174 2.19334 70370.2 0.0519383
3.63498 0 0.01 0.7626 1.089 0.34174 2.19334 0.118458 0.0519383
4.39758 0 0.01 0.68634 1.089 0.34174 2.11708 0.102866 0.0519383
4.39758 0 -0.33174 0.68634 1.089 0.34174 2.11708 0.31284 0.0519383
4.39758 0 0.01 0.68634 1.089 0.307566 2.08291 59423.1 0.0519383
3.71124 0 0.01 0.68634 1.089 0.307566 2.08291 0.0958323 0.0519383
4.39758 0 0.01 0.617706 1.089 0.307566 2.01427 0.141092 0.0519383
4.39758 0 -0.297566 0.617706 1.089 0.307566 2.01427 0.0884543 0.0519383
4.39758 0 0.01 0.617706 1.089 0.276809 1.98352 35471.7 0.0519383
3.77987 0 0.01 0.617706 1.089 0.276809 1.98352 0.0670037 0.0519383
4.39758 0 0.01 0.555935 1.089 0.276809 1.92174 0.122098 0.0519383
4.39758 0 -0.266809 0.555935 1.089 0.276809 1.92174 0.190297 0.0519383
4.39758 0 0.01 0.555935 1.089 0.249128 1.89406 22651.9 0.0519383
3.84164 0 0.01 0.555935 1.089 0.249128 1.89406 0.0864471 0.0519383
4.39757 0 0.01 0.500341 1.089 0.249128 1.83847 0.0821722 0.0519383
4.39757 0 -0.239128 0.500341 1.089 0.249128 1.83847 0.225768 0.0519383
4.39757 0 0.01 0.500341 1.089 0.224215 1.81356 22657.2 0.0519383
3.89723 0 0.01 0.500341 1.089 0.224215 1.81356 0.0559148 0.0519383
4.39757 0 0.01 0.450307 1.089 0.224215 1.76352 0.147294 0.0519383
4.39757 0 -0.214215 0.450307 1.089 0.224215 1.76352 0.0773812 0.0519383
4.39757 0 0.01 0.450307 1.089 0.201794 1.7411 15861 0.0519383
3.94726 0 0.01 0.450307 1.089 0.201794 1.7411 0.279155 0.0519383
4.39757 0 0.01 0.405276 1.089 0.201794 1.69607 0.125027 0.0519383
4.39757 0 -0.191794 0.405276 1.089 0.201794 1.69607 0.134303 0.0519383
4.39757 0 0.01 0.405276 1.089 0.181615 1.67589 9570.27 0.0519383
3.99229 0 0.01 0.405276 1.089 0.181615 1.67589 0.0829945 0.0519383
4.39757 0 0.01 0.364748 1.089 0.181615 1.63536 0.127446 0.0519383
4.39757 0 -0.171615 0.364748 1.089 0.181615 1.63536 0.143344 0.0519383
4.39757 0 0.01 0.364748 1.089 0.163454 1.6172 49367.4 0.0519383
4.03282 0 0.01 0.364748 1.089 0.163454 1.6172 0.0940177 0.0519383
4.39757 0 0.01 0.328273 1.089 0.163454 1.58073 0.0734271 0.0519383
4.39757 0 -0.153454 0.328273 1.089 0.163454 1.58073 0.0620807 0.0519383
4.39757 0 0.01 0.328273 1.089 0.147109 1.56438 80177.2 0.0519383
4.0693 0 0.01 0.328273 1.089 0.147109 1.56438 0.0775128 0.0519383
4.39757 0 0.01 0.295446 1.089 0.147109 1.53155 0.0676531 0.0519383
4.39757 0 -0.137109 0.295446 1.089 0.147109 1.53155 0.0714965 0.0519383
4.39757 0 0.01 0.295446 1.089 0.132398 1.51684 28901.7 0.0519383
4.10212 0 0.01 0.295446 1.089 0.132398 1.51684 0.0696776 0.0519383
4.39757 0 0.01 0.265901 1.089 0.132398 1.4873 0.0662089 0.0519383
4.39757 0 0.142398 0.265901 1.089 0.145638 1.50054 0.051633 0.051633
4.13167 0 0.142398 0.265901 1.089 0.145638 1.50054 0.14837 0.051633
4.39757 0 0.142398 0.239311 1.089 0.145638 1.47395 0.0726412 0.051633
4.39757 0 -0.00324 0.239311 1.089 0.145638 1.47395 0.145732 0.051633
4.39757 0 0.142398 0.239311 1.089 0.131074 1.45939 16342.6 0.051633
4.63688 0 0.142398 0.263242 1.089 0.131074 1.48332 0.0417924 0.0417924
4.63688 0 0.011324 0.263242 1.089 0.131074 1.48332 0.201855 0.0417924
4.63688 0 0.142398 0.263242 1.089 0.117967 1.47021 0.073964 0.0417924
4.37364 0 0.142398 0.263242 1.089 0.117967 1.47021 0.0564161 0.0417924
4.63688 0 0.142398 0.236918 1.089 0.117967 1.44388 0.0813806 0.0417924
4.63688 0 0.024431 0.236918 1.089 0.117967 1.44388 0.234112 0.0417924
4.63688 0 0.024431 0.236918 1.089 0.129764 1.45568 0.0305388 0.0305388
4.39996 0 0.024431 0.236918 1.089 0.129764 1.45568 0.0308442 0.0305388
4.63688 0 0.024431 0.213226 1.089 0.129764 1.43199 0.0314951 0.0305388
4.63688 0 -0.105333 0.213226 1.089 0.129764 1.43199 0.0973959 0.0305388
4.63688 0 0.024431 0.213226 1.089 0.116788 1.41901 49441.1 0.0305388
4.42365 0 0.024431 0.213226 1.089 0.116788 1.41901 0.0381592 0.0305388
4.42365 0 0.024431 0.234549 1.089 0.116788 1.44034 0.0286227 0.0286227
4.42365 0 -0.092357 0.234549 1.089 0.116788 1.44034 0.119644 0.0286227
4.42365 0 0.024431 0.234549 1.089 0.105109 1.42866 57589.1 0.0286227
4.6582 0 0.024431 0.258004 1.089 0.105109 1.45211 0.0236257 0.0236257
4.6582 0 -0.080678 0.258004 1.089 0.105109 1.45211 0.0705607 0.0236257
4.6582 0 0.024431 0.258004 1.089 0.0945981 1.4416 46128.7 0.0236257
4.4002 0 0.024431 0.258004 1.089 0.0945981 1.4416 0.0372643 0.0236257
4.6582 0 0.024431 0.232204 1.089 0.0945981 1.4158 0.0244264 0.0236257
4.6582 0 -0.0701671 0.232204 1.089 0.0945981 1.4158 0.121715 0.0236257
4.6582 0 0.024431 0.232204 1.089 0.0851383 1.40634 16603.9 0.0236257
4.8904 0 0.024431 0.255424 1.089 0.0851383 1.42956 0.0201447 0.0201447
4.8904 0 -0.0607073 0.255424 1.089 0.0851383 1.42956 0.152745 0.0201447
4.8904 0 0.024431 0.255424 1.089 0.0766245 1.42105 8919.83 0.0201447
5.14582 0 0.024431 0.280966 1.089 0.0766245 1.44659 0.0168453 0.0168453
5.14582 0 -0.0521935 0.280966 1.089 0.0766245 1.44659 0.960296 0.0168453
5.14582 0 0.024431 0.280966 1.089 0.068962 1.43893 10962.7 0.0168453
4.86485 0 0.024431 0.280966 1.089 0.068962 1.43893 0.0355527 0.0168453
5.14582 0 0.024431 0.252869 1.089 0.068962 1.41083 0.0249658 0.0168453
5.14582 0 -0.044531 0.252869 1.089 0.068962 1.41083 0.29488 0.0168453
5.14582 0 0.024431 0.252869 1.089 0.0620658 1.40393 38899.2 0.0168453
4.89295 0 0.024431 0.252869 1.089 0.0620658 1.40393 0.0318637 0.0168453
5.14582 0 0.024431 0.227582 1.089 0.0620658 1.37865 0.0457 0.0168453
5.14582 0 0.0864968 0.227582 1.089 0.0682724 1.38485 0.0135172 0.0135172
4.91824 0 0.0864968 0.227582 1.089 0.0682724 1.38485 0.02716 0.0135172
5.14582 0 0.0864968 0.204824 1.089 0.0682724 1.3621 0.0149069 0.0135172
5.14582 0 0.0182244 0.204824 1.089 0.0682724 1.3621 0.191452 0.0135172
5.14582 0 0.0864968 0.204824 1.089 0.0614452 1.35527 0.0311562 0.0135172
4.941 0 0.0864968 0.204824 1.089 0.0614452 1.35527 0.0201038 0.0135172
5.14582 0 0.0864968 0.184342 1.089 0.0614452 1.33479 0.0309179 0.0135172
5.14582 0 0.0250516 0.184342 1.089 0.0614452 1.33479 1.67974 0.0135172
5.14582 0 0.0864968 0.184342 1.089 0.0553007 1.32864 0.0280467 0.0135172
4.96148 0 0.0864968 0.184342 1.089 0.0553007 1.32864 0.174082 0.0135172
4.96148 0 0.0864968 0.202776 1.089 0.0553007 1.34708 0.0117447 0.0117447
4.96148 0 0.0311961 0.202776 1.089 0.0553007 1.34708 0.0545637 0.0117447
4.96148 0 0.0864968 0.202776 1.089 0.0497706 1.34155 0.0635103 0.0117447
4.7587 0 0.0864968 0.202776 1.089 0.0497706 1.34155 0.0178483 0.0117447
4.96148 0 0.0864968 0.182498 1.089 0.0497706 1.32127 0.0207999 0.0117447
4.96148 0 0.0367262 0.182498 1.089 0.0497706 1.32127 0.0331386 0.0117447
4.96148 0 0.0864968 0.182498 1.089 0.0447935 1.31629 0.0179331 0.0117447
4.77898 0 0.0864968 0.182498 1.089 0.0447935 1.31629 0.0198191 0.0117447
4.96148 0 0.0864968 0.164248 1.089 0.0447935 1.29804 0.0206168 0.0117447
4.96148 0 0.0417033 0.164248 1.089 0.0447935 1.29804 0.0851789 0.0117447
4.96148 0 0.0864968 0.164248 1.089 0.0403141 1.29356 0.0284004 0.0117447
5.12573 0 0.0864968 0.180673 1.089 0.0403141 1.30999 0.0103521 0.0103521
5.12573 0 0.0461827 0.180673 1.089 0.0403141 1.30999 0.19684 0.0103521
5.12573 0 0.0864968 0.180673 1.089 0.0362827 1.30596 0.0179684 0.0103521
4.94506 0 0.0864968 0.180673 1.089 0.0362827 1.30596 0.0410007 0.0103521
5.12573 0 0.0864968 0.162606 1.089 0.0362827 1.28789 0.0274103 0.0103521
5.12573 0 0.0502141 0.162606 1.089 0.0362827 1.28789 0.0190194 0.0103521
5.12573 0 0.0864968 0.162606 1.089 0.0326544 1.28426 0.0144457 0.0103521
4.96312 0 0.0864968 0.162606 1.089 0.0326544 1.28426 0.0550474 0.0103521
4.96312 0 0.0864968 0.178867 1.089 0.0326544 1.30052 0.00537327 0.00537327
4.96312 0 0.0538424 0.178867 1.089 0.0326544 1.30052 0.0733512 0.00537327
4.96312 0 0.0864968 0.178867 1.089 0.029389 1.29726 0.0148008 0.00537327
4.78425 0 0.0864968 0.178867 1.089 0.029389 1.29726 0.0079979 0.00537327
4.96312 0 0.0864968 0.16098 1.089 0.029389 1.27937 0.0147269 0.00537327
4.96312 0 0.0571078 0.16098 1.089 0.029389 1.27937 0.00869046 0.00537327
4.96312 0 0.0864968 0.16098 1.089 0.0264501 1.27643 0.0351664 0.00537327
4.80214 0 0.0864968 0.16098 1.089 0.0264501 1.27643 0.035391 0.00537327
4.96312 0 0.0864968 0.144882 1.089 0.0264501 1.26033 0.253313 0.00537327
4.96312 0 0.0600467 0.144882 1.089 0.0264501 1.26033 0.0402368 0.00537327
4.96312 0 0.0864968 0.144882 1.089 0.0238051 1.25769 0.00928167 0.00537327
4.81824 0 0.0864968 0.144882 1.089 0.0238051 1.25769 0.0186073 0.00537327
4.96312 0 0.0864968 0.130394 1.089 0.0238051 1.2432 0.0207184 0.00537327
4.96312 0 0.0626917 0.130394 1.089 0.0238051 1.2432 0.00986579 0.00537327
4.96312 0 0.0864968 0.130394 1.089 0.0214246 1.24082 0.00669606 0.00537327
4.83273 0 0.0864968 0.130394 1.089 0.0214246 1.24082 0.00733761 0.00537327
4.96312 0 0.0864968 0.117355 1.089 0.0214246 1.22778 0.0191613 0.00537327
4.96312 0 0.0650722 0.117355 1.089 0.0214246 1.22778 0.0687125 0.00537327
4.96312 0 0.0864968 0.117355 1.089 0.0192821 1.22564 0.0194484 0.00537327
4.84577 0 0.0864968 0.117355 1.089 0.0192821 1.22564 0.0128198 0.00537327
4.96312 0 0.0864968 0.10562 1.089 0.0192821 1.2139 0.0169507 0.00537327
4.96312 0 0.0672147 0.10562 1.089 0.0192821 1.2139 0.02312 0.00537327
4.96312 0 0.0864968 0.10562 1.089 0.0173539 1.21197 0.036422 0.00537327
4.8575 0 0.0864968 0.10562 1.089 0.0173539 1.21197 1.26193 0.00537327
4.96312 0 0.0864968 0.095058 1.089 0.0173539 1.20141 0.51568 0.00537327
4.96312 0 0.0691429 0.095058 1.089 0.0173539 1.20141 0.771474 0.00537327
4.96312 0 0.0864968 0.095058 1.089 0.0156185 1.19968 0.0109298 0.00537327
4.86806 0 0.0864968 0.095058 1.089 0.0156185 1.19968 0.00799176 0.00537327
4.96312 0 0.0864968 0.0855522 1.089 0.0156185 1.19017 0.0705946 0.00537327
4.96312 0 0.0708783 0.0855522 1.089 0.0156185 1.19017 0.0604491 0.00537327
4.96312 0 0.0864968 0.0855522 1.089 0.0140567 1.18861 0.013472 0.00537327
4.87757 0 0.0864968 0.0855522 1.089 0.0140567 1.18861 0.0220437 0.00537327
4.96312 0 0.0864968 0.076997 1.089 0.0140567 1.18005 0.0520986 0.00537327
4.96312 0 0.0724401 0.076997 1.089 0.0140567 1.18005 0.221293 0.00537327
4.96312 0 0.0864968 0.076997 1.089 0.012651 1.17865 0.112889 0.00537327
4.88612 0 0.0864968 0.076997 1.089 0.012651 1.17865 0.0289706 0.00537327
4.96312 0 0.0864968 0.0692973 1.089 0.012651 1.17095 0.0181076 0.00537327
4.96312 0 0.0738458 0.0692973 1.089 0.012651 1.17095 0.021063 0.00537327
4.96312 0 0.0864968 0.0692973 1.089 0.0113859 1.16968 0.0144206 0.00537327
4.89382 0 0.0864968 0.0692973 1.089 0.0113859 1.16968 0.0320378 0.00537327
4.96312 0 0.0864968 0.0623676 1.089 0.0113859 1.16275 0.00963269 0.00537327
4.96312 0 0.0751109 0.0623676 1.089 0.0113859 1.16275 0.0279633 0.00537327
4.96312 0 0.0864968 0.0623676 1.089 0.0102473 1.16161 0.0274211 0.00537327
4.90075 0 0.0864968 0.0623676 0 0.0102473 0.0726149 0.0456134 0.00537327
4.96312 0 0.0864968 0.0561308 0 0.0102473 0.0663781 0.251325 0.00537327
4.96312 0 0.0762495 0.0561308 0 0.0102473 0.0663781 0.0218441 0.00537327
4.96312 0 0.0864968 0.0561308 0 0.00922257 0.0653534 0.0184922 0.00537327
4.90699 0 0.0864968 0.0561308 0 0.00922257 0.0653534 0.0297245 0.00537327
4.96312 0 0.0864968 0.0505177 0 0.00922257 0.0597403 0.0271178 0.00537327
4.96312 0 0.0772742 0.0505177 0 0.00922257 0.0597403 0.0201133 0.00537327
4.96312 0 0.0864968 0.0505177 0 0.00830031 0.058818 0.0242666 0.00537327
4.9126 0 0.0864968 0.0505177 0 0.00830031 0.058818 0.0113741 0.00537327
4.96312 0 0.0864968 0.0454659 0 0.00830031 0.0537662 0.138458 0.00537327
4.96312 0 0.0781965 0.0454659 0 0.00830031 0.0537662 6.9071 0.00537327
4.96312 0 0.0864968 0.0454659 0 0.00747028 0.0529362 0.0307406 0.00537327
4.91765 0 0.0864968 0.0454659 0 0.00747028 0.0529362 0.00897207 0.00537327
4.96312 0 0.0864968 0.0409193 0 0.00747028 0.0483896 0.0106124 0.00537327
4.96312 0 0.0790265 0.0409193 0 0.00747028 0.0483896 0.0103764 0.00537327
4.96312 0 0.0864968 0.0409193 0 0.00672325 0.0476426 0.0331985 0.00537327
4.9222 0 0.0864968 0.0409193 0 0.00672325 0.0476425 0.0333209 0.00537327
4.96312 0 0.0864968 0.0368274 0 0.00672325 0.0435506 0.0369058 0.00537327
4.96312 0 0.0797735 0.0368274 0 0.00672325 0.0435507 0.0123672 0.00537327
4.96312 0 0.0864967 0.0368274 0 0.00605093 0.0428783 0.0112188 0.00537327
4.92629 0 0.0864967 0.0368274 0 0.00605093 0.0428783 0.0103135 0.00537327
4.96312 0 0.0864967 0.0331447 0 0.00605093 0.0391956 0.0271208 0.00537327
4.96312 0 0.0804458 0.0331447 0 0.00605093 0.0391956 0.0867699 0.00537327
4.96312 0 0.0864967 0.0331447 0 0.00544584 0.0385905 0.32537 0.00537327
4.92998 0 0.0864967 0.0331447 0 0.00544584 0.0385905 0.0137269 0.00537327
4.96312 0 0.0864967 0.0298302 0 0.00544584 0.0352761 0.0256444 0.00537327
4.96312 0 0.0810509 0.0298302 0 0.00544584 0.035276 0.00972005 0.00537327
4.96312 0 0.0864967 0.0298302 0 0.00490126 0.0347315 0.0119223 0.00537327
4.93329 0 0.0864967 0.0298302 0 0.00490126 0.0347315 0.0127642 0.00537327
4.96312 0 0.0864967 0.0268472 0 0.00490126 0.0317484 0.0249108 0.00537327
4.96312 0 0.0815954 0.0268472 0 0.00490126 0.0317485 0.00749069 0.00537327
4.96312 0 0.0864967 0.0268472 0 0.00441113 0.0312583 0.0374307 0.00537327
4.93627 0 0.0864967 0.0268472 0 0.00441113 0.0312583 0.0116539 0.00537327
4.96312 0 0.0864967 0.0241625 0 0.00441113 0.0285736 0.0257774 0.00537327
4.96312 0 0.0820856 0.0241625 0 0.00441113 0.0285736 0.0544714 0.00537327
4.96312 0 0.0864967 0.0241625 0 0.00397002 0.0281325 0.0810384 0.00537327
4.93896 0 0.0864967 0.0241625 0 0.00397002 0.0281325 0.0248172 0.00537327
4.96312 0 0.0864967 0.0217463 0 0.00397002 0.0257163 0.142934 0.00537327
4.96312 0 0.0825267 0.0217463 0 0.00397002 0.0257163 0.0776862 0.00537327
4.96312 0 0.0864967 0.0217463 0 0.00357302 0.0253193 0.0162878 0.00537327
4.94137 0 0.0864967 0.0217463 0 0.00357302 0.0253193 0.0353191 0.00537327
4.96312 0 0.0864967 0.0195717 0 0.00357302 0.0231447 0.285401 0.00537327
4.96312 0 0.0829237 0.0195717 0 0.00357302 0.0231447 0.0311532 0.00537327
4.96312 0 0.0864967 0.0195717 0 0.00321572 0.0227874 0.113393 0.00537327
4.94355 0 0.0864967 0.0195717 0 0.00321572 0.0227874 0.29407 0.00537327
4.96312 0 0.0864967 0.0176145 0 0.00321572 0.0208303 0.0101253 0.00537327
4.96312 0 0.083281 0.0176145 0 0.00321572 0.0208302 0.00627283 0.00537327
4.96312 0 0.0864967 0.0176145 0 0.00289415 0.0205086 0.00857598 0.00537327
4.94551 0 0.0864967 0.0176145 0 0.00289415 0.0205087 0.0348551 0.00537327
4.96312 0 0.0864967 0.0158531 0 0.00289415 0.0187472 0.696703 0.00537327
4.96312 0 0.0836025 0.0158531 0 0.00289415 0.0187473 0.049915 0.00537327
4.96312 0 0.0864966 0.0158531 0 0.00260473 0.0184578 0.0116377 0.00537327
4.94727 0 0.0864966 0.0158531 0 0.00260473 0.0184578 0.022178 0.00537327
4.96312 0 0.0864966 0.0142678 0 0.00260473 0.0168725 0.0108697 0.00537327
4.96312 0 0.0838919 0.0142678 0 0.00260473 0.0168725 0.0120671 0.00537327
4.96312 0 0.0864966 0.0142678 0 0.00234426 0.0166121 0.0105851 0.00537327
4.94885 0 0.0864966 0.0142678 0 0.00234426 0.0166121 0.0257625 0.00537327
4.96312 0 0.0864966 0.012841 0 0.00234426 0.0151853 0.0179042 0.00537327
4.96312 0 0.0841523 0.012841 0 0.00234426 0.0151853 0.0229194 0.00537327
4.96312 0 0.0864966 0.012841 0 0.00210983 0.0149508 0.0116968 0.00537327
4.95028 0 0.0864966 0.012841 0 0.00210983 0.0149508 0.0129998 0.00537327
4.96312 0 0.0864966 0.0115569 0 0.00210983 0.0136667 0.0195247 0.00537327
4.96312 0 0.0843868 0.0115569 0 0.00210983 0.0136667 0.0141415 0.00537327
4.96312 0 0.0864966 0.0115569 0 0.00189885 0.0134557 0.0278176 0.00537327
4.95156 0 0.0864966 0.0115569 0 0.00189885 0.0134558 0.0274868 0.00537327
4.96312 0 0.0864966 0.0104012 0 0.00189885 0.0123001 0.0147196 0.00537327
4.96312 0 0.0845977 0.0104012 0 0.00189885 0.0123 0.0228183 0.00537327
4.96312 0 0.0864965 0.0104012 0 0.00170897 0.0121102 0.0889343 0.00537327
4.95272 0 0.0864965 0.0104012 0 0.00170897 0.0121102 0.0125015 0.00537327
4.96312 0 0.0864965 0.00936108 0 0.00170897 0.01107 0.453653 0.00537327
4.96312 0 0.0847875 0.00936108 0 0.00170897 0.0110701 0.0247165 0.00537327
4.96312 0 0.0864965 0.00936108 0 0.00153807 0.0108992 0.00887243 0.00537327
4.95376 0 0.0864965 0.00936108 0 0.00153807 0.0108992 0.0343785 0.00537327
4.96312 0 0.0864965 0.00842497 0 0.00153807 0.00996304 0.0487084 0.00537327
4.96312 0 0.0849584 0.00842497 0 0.00153807 0.00996304 0.0144098 0.00537327
4.96312 0 0.0864965 0.00842497 0 0.00138426 0.00980923 0.0144286 0.00537327
4.9547 0 0.0864965 0.00842497 0 0.00138426 0.00980923 0.191265 0.00537327
4.96312 0 0.0864965 0.00758247 0 0.00138426 0.00896673 0.204683 0.00537327
4.96312 0 0.0851122 0.00758247 0 0.00138426 0.00896673 0.0166926 0.00537327
4.96312 0 0.0864965 0.00758247 0 0.00124583 0.0088283 0.00698597 0.00537327
4.95554 0 0.0864965 0.00758247 0 0.00124583 0.0088283 0.0209995 0.00537327
4.96312 0 0.0864965 0.00682422 0 0.00124583 0.00807005 0.0252828 0.00537327
4.96312 0 0.0852507 0.00682422 0 0.00124583 0.00807005 0.0228022 0.00537327
4.96312 0 0.0864965 0.00682422 0 0.00112125 0.00794547 1.34105 0.00537327
4.9563 0 0.0864965 0.00682422 0 0.00112125 0.00794547 0.00725837 0.00537327
4.96312 0 0.0864965 0.0061418 0 0.00112125 0.00726305 0.0149961 0.00537327
4.96312 0 0.0853753 0.0061418 0 0.00112125 0.00726305 0.015077 0.00537327
4.96312 0 0.0864966 0.0061418 0 0.00100913 0.00715093 0.0141373 0.00537327
4.95698 0 0.0864966 0.0061418 0 0.00100913 0.00715093 0.00959536 0.00537327
4.96312 0 0.0864966 0.00552762 0 0.00100913 0.00653675 0.0288905 0.00537327
4.96312 0 0.0854875 0.00552762 0 0.00100913 0.00653675 0.0157683 0.00537327
4.96312 0 0.0864966 0.00552762 0 0.000908217 0.00643584 0.0231744 0.00537327
4.95759 0 0.0864966 0.00552762 0 0.000908217 0.00643584 0.0131107 0.00537327
4.96312 0 0.0864966 0.00497486 0 0.000908217 0.00588307 0.0410907 0.00537327
4.96312 0 0.0855884 0.00497486 0 0.000908217 0.00588308 0.00965004 0.00537327
4.96312 0 0.0864966 0.00497486 0 0.000817395 0.00579226 0.0323235 0.00537327
4.95815 0 0.0864966 0.00497486 0 0.000817395 0.00579226 0.0126071 0.00537327
4.96312 0 0.0864966 0.00447737 0 0.000817395 0.00529477 0.0403567 0.00537327
4.96312 0 0.0856792 0.00447737 0 0.000817395 0.00529476 0.0182888 0.00537327
4.96312 0 0.0864966 0.00447737 0 0.000735655 0.00521303 0.0217709 0.00537327
4.95864 0 0.0864966 0.00447737 0 0.000735655 0.00521302 0.026356 0.00537327
4.96312 0 0.0864966 0.00402963 0 0.000735655 0.00476529 0.0355904 0.00537327
4.96312 0 0.0857609 0.00402963 0 0.000735655 0.00476529 0.016597 0.00537327
4.96312 0 0.0864966 0.00402963 0 0.000662089 0.00469172 0.0152465 0.00537327
4.95909 0 0.0864966 0.00402963 0 0.000662089 0.00469172 0.00687488 0.00537327
4.96312 0 0.0864966 0.00362667 0 0.000662089 0.00428876 0.033756 0.00537327
4.96312 0 0.0858345 0.00362667 0 0.000662089 0.00428876 0.0131613 0.00537327
4.96312 0 0.0864966 0.00362667 0 0.00059588 0.00422255 0.0292267 0.00537327
4.95949 0 0.0864966 0.00362667 0 0.00059588 0.00422255 0.0998589 0.00537327
4.96312 0 0.0864966 0.003264 0 0.00059588 0.00385988 0.016444 0.00537327
4.96312 0 0.0859007 0.003264 0 0.00059588 0.00385988 0.0281533 0.00537327
4.96312 0 0.0864966 0.003264 0 0.000536292 0.00380029 0.19258 0.00537327
4.95986 0 0.0864966 0.003264 0 0.000536292 0.00380029 0.228585 0.00537327
4.96312 0 0.0864966 0.0029376 0 0.000536292 0.00347389 0.0127504 0.00537327
4.96312 0 0.0859603 0.0029376 0 0.000536292 0.00347389 0.0333865 0.00537327
4.96312 0 0.0864966 0.0029376 0 0.000482663 0.00342026 0.0163109 0.00537327
4.96018 0 0.0864966 0.0029376 0 0.000482663 0.00342026 0.0161247 0.00537327
4.96312 0 0.0864966 0.00264384 0 0.000482663 0.0031265 0.0411374 0.00537327
4.96312 0 0.0864966 0.00264384 0 0.000482663 0.0031265 0.108533 0.00537327
4.96048 0 0.0864966 0.00264384 0 0.000482663 0.0031265 0.63513 0.00537327
