1 0 0 1.1 1 1 3.1 2.07803 2.07803
1 -1 0 1.1 1 1 3.1 4287 2.07803
1 0 0 1.1 0.9 1 3 30021.5 2.07803
1 0 1 1.1 0.00246504 1.1 2.20247 0.200462 0.200462
2.1 0 1 1.21 0.00246504 1.1 2.31247 0.0631491 0.0631491
2.1 -0.00246504 1 1.21 0.00246504 1.1 2.31247 0.248143 0.0631491
2.1 0 1 1.21 0.00221854 1.1 2.31222 1.7497 0.0631491
2.1 0 2.1 1.21 0.00221854 1.21 2.42222 0.0449371 0.0449371
3.31 0 2.1 1.331 0.00221854 1.21 2.54322 0.0131751 0.0131751
3.31 -0.00221854 2.1 1.331 0.00221854 1.21 2.54322 0.213112 0.0131751
3.31 0 2.1 1.331 0.00199669 1.21 2.543 0.513259 0.0131751
3.31 0 0.89 1.331 0.00199669 1.21 2.543 0.0644632 0.0131751
3.31 0 2.1 1.331 0.00199669 1.089 2.422 0.0313582 0.0131751
1.979 0 2.1 1.331 0.00199669 1.089 2.422 0.0132487 0.0131751
3.31 0 2.1 1.1979 0.00199669 1.089 2.2889 0.21336 0.0131751
3.31 -0.00199669 2.1 1.1979 0.00199669 1.089 2.2889 0.123375 0.0131751
3.31 0 2.1 1.1979 0.00179702 1.089 2.2887 0.451347 0.0131751
3.31 0 1.011 1.1979 0.00179702 1.089 2.2887 0.0430068 0.0131751
3.31 0 1.011 1.1979 0.00179702 1.1979 2.3976 0.0106712 0.0106712
2.1121 0 1.011 1.1979 0.00179702 1.1979 2.3976 0.0173799 0.0106712
3.31 0 1.011 1.07811 0.00179702 1.1979 2.27781 0.0473487 0.0106712
3.31 -0.00179702 1.011 1.07811 0.00179702 1.1979 2.27781 0.0597706 0.0106712
3.31 0 1.011 1.07811 0.00161732 1.1979 2.27763 0.302793 0.0106712
3.31 0 -0.1869 1.07811 0.00161732 1.1979 2.27763 0.0214664 0.0106712
3.31 0 1.011 1.07811 0.00161732 1.07811 2.15784 0.109639 0.0106712
2.23189 0 1.011 1.07811 0.00161732 1.07811 2.15784 0.01799 0.0106712
3.31 0 1.011 0.970299 0.00161732 1.07811 2.05003 0.0180451 0.0106712
3.31 -0.00161732 1.011 0.970299 0.00161732 1.07811 2.05003 0.0362212 0.0106712
3.31 0 1.011 0.970299 0.00145559 1.07811 2.04986 0.254443 0.0106712
3.31 0 -0.06711 0.970299 0.00145559 1.07811 2.04986 0.0122662 0.0106712
3.31 0 1.011 0.970299 0.00145559 0.970299 1.94205 0.0597083 0.0106712
2.3397 0 1.011 0.970299 0.00145559 0.970299 1.94205 0.0188018 0.0106712
3.31 0 1.011 0.873269 0.00145559 0.970299 1.84502 0.0211116 0.0106712
3.31 -0.00145559 1.011 0.873269 0.00145559 0.970299 1.84502 0.0570948 0.0106712
3.31 0 1.011 0.873269 0.00131003 0.970299 1.84488 0.216757 0.0106712
3.31 0 1.9813 0.873269 0.00131003 1.06733 1.94191 0.00699721 0.00699721
2.43673 0 1.9813 0.873269 0.00131003 1.06733 1.94191 0.0172014 0.00699721
3.31 0 1.9813 0.785942 0.00131003 1.06733 1.85458 0.0308979 0.00699721
3.31 -0.00131003 1.9813 0.785942 0.00131003 1.06733 1.85458 0.0551592 0.00699721
3.31 0 1.9813 0.785942 0.00117903 1.06733 1.85445 0.183746 0.00699721
3.31 0 0.91397 0.785942 0.00117903 1.06733 1.85445 0.0329445 0.00699721
3.31 0 1.9813 0.785942 0.00117903 0.960597 1.74772 0.0238868 0.00699721
2.52406 0 1.9813 0.785942 0.00117903 0.960597 1.74772 0.0116852 0.00699721
3.31 0 1.9813 0.707348 0.00117903 0.960597 1.66912 0.0202087 0.00699721
3.31 -0.00117903 1.9813 0.707348 0.00117903 0.960597 1.66912 0.0227096 0.00699721
3.31 0 1.9813 0.707348 0.00106113 0.960597 1.66901 0.144647 0.00699721
3.31 0 1.0207 0.707348 0.00106113 0.960597 1.66901 0.0292133 0.00699721
3.31 0 1.9813 0.707348 0.00106113 0.864537 1.57295 0.0256483 0.00699721
2.60265 0 1.9813 0.707348 0.00106113 0.864537 1.57295 0.012321 0.00699721
3.31 0 1.9813 0.636613 0.00106113 0.864537 1.50221 0.0197626 0.00699721
3.31 0 1.11676 0.636613 0.00106113 0.864537 1.50221 0.0141753 0.00699721
3.31 0 1.9813 0.636613 0.00106113 0.778083 1.41576 0.0195554 0.00699721
3.94661 0 1.9813 0.700274 0.00106113 0.778083 1.47942 0.00494298 0.00494298
3.94661 0 1.20322 0.700274 0.00106113 0.778083 1.47942 0.010059 0.00494298
3.94661 0 1.9813 0.700274 0.00106113 0.700275 1.40161 0.00758381 0.00494298
3.24634 0 1.9813 0.700274 0.00106113 0.700275 1.40161 0.0114662 0.00494298
3.94661 0 1.9813 0.630247 0.00106113 0.700275 1.33158 0.00904192 0.00494298
3.94661 0 1.28103 0.630247 0.00106113 0.700275 1.33158 0.0127127 0.00494298
3.94661 0 1.9813 0.630247 0.00106113 0.630247 1.26156 0.0255801 0.00494298
3.31636 0 1.9813 0.630247 0.00106113 0.630247 1.26156 0.013119 0.00494298
3.94661 0 1.9813 0.567222 0.00106113 0.630247 1.19853 0.00959843 0.00494298
3.94661 0 2.61155 0.567222 0.00106113 0.693272 1.26155 0.0045664 0.0045664
3.37939 0 2.61155 0.567222 0.00106113 0.693272 1.26156 0.00630628 0.0045664
3.94661 0 2.61155 0.5105 0.00106113 0.693272 1.20483 0.0178488 0.0045664
3.94661 0 1.91828 0.5105 0.00106113 0.693272 1.20483 0.012536 0.0045664
3.94661 0 2.61155 0.5105 0.00106113 0.623945 1.13551 0.00603175 0.0045664
4.45711 0 2.61155 0.56155 0.00106113 0.623945 1.18656 0.00356617 0.00356617
4.45711 0 1.9876 0.56155 0.00106113 0.623945 1.18656 0.00769739 0.00356617
4.45711 0 2.61155 0.56155 0.00106113 0.56155 1.12416 0.00780067 0.00356617
3.89556 0 2.61155 0.56155 0.00106113 0.56155 1.12416 0.0136425 0.00356617
4.45711 0 2.61155 0.505395 0.00106113 0.56155 1.06801 0.00899497 0.00356617
4.45711 0 2.05 0.505395 0.00106113 0.56155 1.06801 0.00917215 0.00356617
4.45711 0 2.61155 0.505395 0.00106113 0.505395 1.01185 0.0137756 0.00356617
3.95172 0 2.61155 0.505395 0.00106113 0.505395 1.01185 0.00735415 0.00356617
4.45711 0 2.61155 0.454856 0.00106113 0.505395 0.961312 0.0120391 0.00356617
4.45711 0 2.10615 0.454856 0.00106113 0.505395 0.961312 0.00871301 0.00356617
4.45711 0 2.61155 0.454856 0.00106113 0.454856 0.910773 0.00417499 0.00356617
4.00225 0 2.61155 0.454856 0.00106113 0.454856 0.910773 0.00891267 0.00356617
4.45711 0 2.61155 0.40937 0.00106113 0.454856 0.865288 0.0065798 0.00356617
4.45711 0 2.15669 0.40937 0.00106113 0.454856 0.865287 0.00777947 0.00356617
4.45711 0 2.61155 0.40937 0.00106113 0.40937 0.819802 0.0133314 0.00356617
4.04774 0 2.61155 0.40937 0.00106113 0.40937 0.819801 0.00556771 0.00356617
4.45711 0 2.61155 0.368433 0.00106113 0.40937 0.778864 0.00365685 0.00356617
4.45711 0 2.20218 0.368433 0.00106113 0.40937 0.778864 0.0082488 0.00356617
4.45711 0 2.61155 0.368433 0.00106113 0.368433 0.737927 0.00955183 0.00356617
4.08868 0 2.61155 0.368433 0.00106113 0.368433 0.737927 0.0113987 0.00356617
4.45711 0 2.61155 0.33159 0.00106113 0.368433 0.701084 0.0142143 0.00356617
4.45711 0 2.24312 0.33159 0.00106113 0.368433 0.701084 0.0116125 0.00356617
4.45711 0 2.61155 0.33159 0.00106113 0.33159 0.664241 0.0076944 0.00356617
4.12552 0 2.61155 0.33159 0.00106113 0.33159 0.664241 0.0150766 0.00356617
4.45711 0 2.61155 0.298431 0.00106113 0.33159 0.631082 0.00517351 0.00356617
